image_width: 320
image_height: 240
camera_name: head_left_camera
camera_matrix:
  rows: 3
  cols: 3
  data: [435.7728105130976, 0, 148.3720204269558, 0, 437.6176115916575, 129.5192962029804, 0, 0, 1]
distortion_model: plumb_bob
distortion_coefficients:
  rows: 1
  cols: 5
  data: [-0.1347883721648313, 0.162170881731703, 0.001869945457482906, 0.001557470805185982, 0]
rectification_matrix:
  rows: 3
  cols: 3
  data: [0.9999708556826346, 0.002505456590259464, 0.007211828659510172, -0.002518487935786561, 0.999995211428931, 0.001798426458070313, -0.00720728824573458, -0.001816536947632768, 0.9999723772133213]
projection_matrix:
  rows: 3
  cols: 4
  data: [442.831583436174, 0, 146.9001502990723, 0, 0, 442.831583436174, 127.0553665161133, 0, 0, 0, 1, 0]
