image_width: 320
image_height: 240
camera_name: head_right_camera
camera_matrix:
  rows: 3
  cols: 3
  data: [436.6844214442687, 0, 153.2259248265738, 0, 438.6611800944224, 123.8064946929226, 0, 0, 1]
distortion_model: plumb_bob
distortion_coefficients:
  rows: 1
  cols: 5
  data: [-0.1212622577665452, 0.05489860722056759, 0.001824221045564728, 0.0008239021567705399, 0]
rectification_matrix:
  rows: 3
  cols: 3
  data: [0.9999352434197838, 0.006481838912103448, 0.009353861840722025, -0.006464920992513851, 0.9999774134602688, -0.001837761102853586, -0.009365562640777496, 0.001777170117954181, 0.9999545629191327]
projection_matrix:
  rows: 3
  cols: 4
  data: [442.831583436174, 0, 146.9001502990723, -26.05727580878404, 0, 442.831583436174, 127.0553665161133, 0, 0, 0, 1, 0]
